
==========Testing get_rays==========
Rays_o
 tensor([[[0., 0., 0.],
         [0., 0., 0.],
         [0., 0., 0.],
         [0., 0., 0.]],

        [[0., 0., 0.],
         [0., 0., 0.],
         [0., 0., 0.],
         [0., 0., 0.]],

        [[0., 0., 0.],
         [0., 0., 0.],
         [0., 0., 0.],
         [0., 0., 0.]],

        [[0., 0., 0.],
         [0., 0., 0.],
         [0., 0., 0.],
         [0., 0., 0.]]])
Rays_d
 tensor([[[-1.0000,  1.0000, -1.0000],
         [-0.5000,  1.0000, -1.0000],
         [ 0.0000,  1.0000, -1.0000],
         [ 0.5000,  1.0000, -1.0000]],

        [[-1.0000,  0.5000, -1.0000],
         [-0.5000,  0.5000, -1.0000],
         [ 0.0000,  0.5000, -1.0000],
         [ 0.5000,  0.5000, -1.0000]],

        [[-1.0000,  0.0000, -1.0000],
         [-0.5000,  0.0000, -1.0000],
         [ 0.0000,  0.0000, -1.0000],
         [ 0.5000,  0.0000, -1.0000]],

        [[-1.0000, -0.5000, -1.0000],
         [-0.5000, -0.5000, -1.0000],
         [ 0.0000, -0.5000, -1.0000],
         [ 0.5000, -0.5000, -1.0000]]])
=== Test Case 1: Basic 4x4 image === True
Rays_o
 tensor([[[1., 2., 3.],
         [1., 2., 3.]],

        [[1., 2., 3.],
         [1., 2., 3.]]])
Rays_d
 tensor([[[-1.,  1.,  1.],
         [-1.,  1.,  0.]],

        [[-1.,  0.,  1.],
         [-1.,  0.,  0.]]])
=== Test Case 2: Rotated camera === True
Rays_o
 tensor([[[0., 0., 0.],
         [0., 0., 0.],
         [0., 0., 0.],
         [0., 0., 0.],
         [0., 0., 0.]],

        [[0., 0., 0.],
         [0., 0., 0.],
         [0., 0., 0.],
         [0., 0., 0.],
         [0., 0., 0.]],

        [[0., 0., 0.],
         [0., 0., 0.],
         [0., 0., 0.],
         [0., 0., 0.],
         [0., 0., 0.]]])
Rays_d
 tensor([[[-0.6250,  0.3750, -1.0000],
         [-0.3750,  0.3750, -1.0000],
         [-0.1250,  0.3750, -1.0000],
         [ 0.1250,  0.3750, -1.0000],
         [ 0.3750,  0.3750, -1.0000]],

        [[-0.6250,  0.1250, -1.0000],
         [-0.3750,  0.1250, -1.0000],
         [-0.1250,  0.1250, -1.0000],
         [ 0.1250,  0.1250, -1.0000],
         [ 0.3750,  0.1250, -1.0000]],

        [[-0.6250, -0.1250, -1.0000],
         [-0.3750, -0.1250, -1.0000],
         [-0.1250, -0.1250, -1.0000],
         [ 0.1250, -0.1250, -1.0000],
         [ 0.3750, -0.1250, -1.0000]]])
=== Test Case 3: Non-square image === True
==========All get_rays test cases passed: True==========
